run_number,language,server_replicas,num_concurrent_clients_scenario,num_messages_per_client_scenario,total_connections_attempted,successful_connections,total_messages_sent,total_messages_received,average_latency_ms,max_latency_ms,min_latency_ms,total_errors,total_latency_sum_ms,scenario_success_rate,language
5,go,2,10,1,10,10,10,10,0.7934335,1.952535,0.214285,0,7.934335,100.0,go
5,go,2,10,10,10,10,100,100,0.28430461000000007,0.3430051,0.22044340000000004,0,28.430461,100.0,go
5,go,2,10,100,10,10,1000,1000,0.28064447300000006,0.2939225500000001,0.25824347000000003,0,280.64447300000006,100.0,go
5,go,2,10,500,10,10,5000,5000,0.24696499399999997,0.25248391800000014,0.23422204999999982,0,1234.82497,100.0,go
5,go,2,10,1000,10,10,10000,10000,0.2254201476,0.23248662500000006,0.21336758499999964,0,2254.201476,100.0,go
5,go,2,10,10000,10,10,100000,100000,0.26134231920999984,0.27066236629999896,0.2263484380999986,0,26134.23192099998,100.0,go
5,go,2,20,1,20,20,20,20,0.8101867,2.297996,0.100642,0,16.203734,100.0,go
5,go,2,20,10,20,20,200,200,0.47578409,0.5928165,0.3578232,0,95.156818,100.0,go
5,go,2,20,100,20,20,2000,2000,0.36036462150000004,0.39342957,0.30731434999999996,0,720.729243,100.0,go
5,go,2,20,500,20,20,10000,10000,0.3378982309,0.35240612600000004,0.32164690200000007,0,3378.982309,100.0,go
5,go,2,20,1000,20,20,20000,20000,0.32524618980000003,0.33562762599999985,0.3130242550000003,0,6504.923796000001,100.0,go
5,go,2,20,10000,20,20,200000,200000,0.35034905762,0.35605061189999965,0.34375213079999944,0,70069.81152399999,100.0,go
5,go,2,30,1,30,30,30,30,0.9244787,1.90482,0.086381,0,27.734361,100.0,go
5,go,2,30,10,30,30,300,300,0.5200722733333333,0.7002936,0.3094518,0,156.021682,100.0,go
5,go,2,30,100,30,30,3000,3000,0.4483825406666667,0.4896092100000002,0.3676706600000001,0,1345.1476220000002,100.0,go
5,go,2,30,500,30,30,15000,15000,0.4767164309333334,0.5004169420000008,0.4526590119999998,0,7150.746464000001,100.0,go
5,go,2,30,1000,30,30,30000,30000,0.4600197727666667,0.47368876700000023,0.44332738799999993,0,13800.593183,100.0,go
5,go,2,30,10000,30,30,300000,300000,0.4289440488333334,0.43681088689999786,0.4203549128999987,0,128683.21465000002,100.0,go
5,go,2,40,1,40,40,40,40,1.231112575,3.076562,0.109878,0,49.244503,100.0,go
5,go,2,40,10,40,40,400,400,0.6944804,0.8689401000000002,0.42105429999999994,0,277.79216,100.0,go
5,go,2,40,100,40,40,4000,4000,0.59523187275,0.6708996900000002,0.4993409699999998,0,2380.927491,100.0,go
5,go,2,40,500,40,40,20000,20000,0.5611343116499999,0.5841753759999998,0.5218999340000001,0,11222.686233,100.0,go
5,go,2,40,1000,40,40,40000,40000,0.535532257475,0.5508063089999992,0.5184521279999997,0,21421.290299,100.0,go
5,go,2,40,10000,40,40,400000,400000,0.5345613146550001,0.5400792976999993,0.5278345577000018,0,213824.52586200004,100.0,go
5,go,2,50,1,50,50,50,50,0.6827421,2.143591,0.108438,0,34.137105,100.0,go
5,go,2,50,10,50,50,500,500,0.624142512,1.0119798999999998,0.2108234,0,312.071256,100.0,go
5,go,2,50,100,50,50,5000,5000,0.708685684,0.78125226,0.6264797400000001,0,3543.4284199999997,100.0,go
5,go,2,50,500,50,50,25000,25000,0.61272371444,0.6365564739999996,0.5686037980000005,0,15318.092861,100.0,go
5,go,2,50,1000,50,50,50000,50000,0.6749533484999999,0.6994781859999978,0.6181001700000008,0,33747.66742499999,100.0,go
5,go,2,50,10000,50,50,500000,500000,0.6784687457340002,0.6867891297000034,0.6670845518000009,0,339234.3728670001,100.0,go
5,go,2,60,1,60,60,60,60,1.5777989833333335,3.071143,0.309482,0,94.667939,100.0,go
5,go,2,60,10,60,60,600,600,0.8980162733333333,1.3205925,0.3650863,0,538.809764,100.0,go
5,go,2,60,100,60,60,6000,6000,0.7628375951666667,0.8385669200000001,0.6287994600000001,0,4577.025571,100.0,go
5,go,2,60,500,60,60,30000,30000,0.6807494300000001,0.7364712879999995,0.5795752400000003,0,20422.482900000003,100.0,go
5,go,2,60,1000,60,60,60000,60000,0.7540855639666666,0.7797508859999995,0.6885227059999991,0,45245.133837999994,100.0,go
5,go,2,60,10000,60,60,600000,600000,0.7273269383500001,0.7444920134999983,0.6968951388000014,0,436396.16301,100.0,go
5,go,2,70,1,70,70,70,70,1.4329910571428572,3.906108,0.117733,0,100.309374,100.0,go
5,go,2,70,10,70,70,700,700,1.0794051985714286,1.6307969,0.2497456,0,755.583639,100.0,go
5,go,2,70,100,70,70,7000,7000,1.0359311982857142,1.1320064600000004,0.7584335999999996,0,7251.5183879999995,100.0,go
5,go,2,70,500,70,70,35000,35000,0.8226682107142855,0.8632226019999991,0.7569220419999998,0,28793.387374999995,100.0,go
5,go,2,70,1000,70,70,70000,70000,0.8096803865285714,0.8351869819999986,0.7695400350000008,0,56677.627057000005,100.0,go
5,go,2,70,10000,70,70,700000,700000,0.8698500559571433,0.8921045462000029,0.8407180391000005,0,608895.0391700004,100.0,go
5,go,2,80,1,80,80,80,80,0.9984289000000001,2.327601,0.076992,0,79.874312,100.0,go
5,go,2,80,10,80,80,800,800,1.4064128225,2.0992335,0.490636,0,1125.130258,100.0,go
5,go,2,80,100,80,80,8000,8000,1.2667149309999999,1.3995090499999998,1.0102975,0,10133.719448,100.0,go
5,go,2,80,500,80,80,40000,40000,0.88330520175,0.9246887759999995,0.7923114459999997,0,35332.20807,100.0,go
5,go,2,80,1000,80,80,80000,80000,0.9529118314874999,0.9905679780000014,0.8941693750000003,0,76232.946519,100.0,go
5,go,2,80,10000,80,80,800000,800000,1.0072463641725007,1.0182119170999993,0.9910862553000035,0,805797.0913380006,100.0,go
5,go,2,90,1,90,90,90,90,1.146983811111111,4.773839,0.091738,0,103.228543,100.0,go
5,go,2,90,10,90,90,900,900,1.1905978855555555,1.9943747000000003,0.5205565999999999,0,1071.5380969999999,100.0,go
5,go,2,90,100,90,90,9000,9000,0.9727472902222222,1.0709622399999996,0.83488255,0,8754.725612,100.0,go
5,go,2,90,500,90,90,45000,45000,0.972092644088889,1.0232241120000005,0.8973867999999994,0,43744.168984,100.0,go
5,go,2,90,1000,90,90,90000,90000,1.100790693822222,1.134437817000001,1.0485504480000012,0,99071.16244399999,100.0,go
5,go,2,90,10000,90,90,900000,900000,1.0677799873999996,1.081109753599997,1.0417384734000015,0,961001.9886599998,100.0,go
5,go,2,100,1,100,100,100,100,1.59374263,5.041729,0.089927,0,159.37426299999998,100.0,go
5,go,2,100,10,100,100,1000,1000,1.158664378,2.0170675,0.5119536000000001,0,1158.664378,100.0,go
5,go,2,100,100,100,100,10000,10000,1.3836244110000002,1.7961165200000002,0.8991392300000004,0,13836.24411,100.0,go
5,go,2,100,500,100,100,50000,50000,1.2579688299799998,1.3106646240000006,1.0966773720000007,0,62898.441499,100.0,go
5,go,2,100,1000,100,100,100000,100000,1.2267396754200002,1.2896321270000017,1.075655851,0,122673.96754200003,100.0,go
5,go,2,100,10000,100,100,1000000,1000000,1.14541011642,1.1790408517999988,1.0915045750000019,0,1145410.11642,100.0,go
5,go,4,10,1,10,10,10,10,0.3309701,0.62833,0.142401,0,3.309701,100.0,go
5,go,4,10,10,10,10,100,100,0.39340504,0.5576112,0.2867376,0,39.340503999999996,100.0,go
5,go,4,10,100,10,10,1000,1000,0.256763709,0.27549968999999996,0.24369556000000003,0,256.763709,100.0,go
5,go,4,10,500,10,10,5000,5000,0.2383621794,0.2473900960000001,0.2160513500000001,0,1191.8108970000003,100.0,go
5,go,4,10,1000,10,10,10000,10000,0.22230877930000012,0.22921778100000062,0.2066185370000001,0,2223.087793000001,100.0,go
5,go,4,10,10000,10,10,100000,100000,0.22737303332000008,0.23327434779999998,0.2222144241,0,22737.30333200001,100.0,go
5,go,4,20,1,20,20,20,20,0.7834571,1.248448,0.374659,0,15.669142,100.0,go
5,go,4,20,10,20,20,200,200,0.44073402999999994,0.6203304000000001,0.2209441,0,88.146806,100.0,go
5,go,4,20,100,20,20,2000,2000,0.49513553650000003,0.53967872,0.40554696,0,990.271073,100.0,go
5,go,4,20,500,20,20,10000,10000,0.4080305066,0.4295774839999999,0.3695896219999999,0,4080.3050660000004,100.0,go
5,go,4,20,1000,20,20,20000,20000,0.36178514575000004,0.38082368200000005,0.34389446400000034,0,7235.702915000001,100.0,go
5,go,4,20,10000,20,20,200000,200000,0.3831834091,0.38769315690000206,0.37596470770000084,0,76636.68182,100.0,go
5,go,4,30,1,30,30,30,30,1.1361814000000001,2.600165,0.115269,0,34.085442,100.0,go
5,go,4,30,10,30,30,300,300,0.6684547599999999,0.8796592999999999,0.40350909999999995,0,200.536428,100.0,go
5,go,4,30,100,30,30,3000,3000,1.802096745,2.1355497600000004,1.3877024499999997,0,5406.290235,100.0,go
5,go,4,30,500,30,30,15000,15000,0.5014699588,0.533680258,0.45156786200000043,0,7522.049382,100.0,go
5,go,4,30,1000,30,30,30000,30000,0.5017781712666667,0.5258357120000009,0.4349288990000002,0,15053.345137999999,100.0,go
5,go,4,30,10000,30,30,300000,300000,0.535499384993333,0.5512385542999976,0.4668782414000001,0,160649.81549799992,100.0,go
5,go,4,40,1,40,40,40,40,0.693389225,2.135875,0.097437,0,27.735568999999998,100.0,go
5,go,4,40,10,40,40,400,400,0.8210007599999999,1.1921569,0.4521228999999999,0,328.400304,100.0,go
5,go,4,40,100,40,40,4000,4000,0.60373692675,0.6712215900000001,0.48759432999999996,0,2414.947707,100.0,go
5,go,4,40,500,40,40,20000,20000,0.5876021305,0.6172471980000006,0.5008720899999997,0,11752.04261,100.0,go
5,go,4,40,1000,40,40,40000,40000,0.694425946525,0.7151072249999998,0.6553690759999992,0,27777.037860999997,100.0,go
5,go,4,40,10000,40,40,400000,400000,0.6159193060350003,0.634043890599996,0.5713762954999972,0,246367.72241400013,100.0,go
5,go,4,50,1,50,50,50,50,1.03678414,3.825342,0.144971,0,51.839207,100.0,go
5,go,4,50,10,50,50,500,500,0.8625490259999999,1.1516190000000002,0.5040561000000001,0,431.274513,100.0,go
5,go,4,50,100,50,50,5000,5000,0.7556613016,0.8259511599999995,0.6096694500000001,0,3778.306508,100.0,go
5,go,4,50,500,50,50,25000,25000,0.7808658102,0.832320276,0.7182624119999993,0,19521.645255,100.0,go
5,go,4,50,1000,50,50,50000,50000,0.7185613435999998,0.7403966149999992,0.6756833649999994,0,35928.06717999999,100.0,go
5,go,4,50,10000,50,50,500000,500000,0.7297181234480002,0.7450058327999978,0.6821791476999992,0,364859.0617240001,100.0,go
5,go,4,60,1,60,60,60,60,1.31227475,4.11805,0.087398,0,78.736485,100.0,go
5,go,4,60,10,60,60,600,600,1.1245947816666666,1.8672954999999998,0.2823225,0,674.756869,100.0,go
5,go,4,60,100,60,60,6000,6000,1.0748642836666666,1.2217355300000001,0.7374866499999999,0,6449.185702,100.0,go
5,go,4,60,500,60,60,30000,30000,0.8088306818666667,0.8563077779999998,0.6895328739999997,0,24264.920456,100.0,go
5,go,4,60,1000,60,60,60000,60000,0.8299334022833332,0.8634583650000005,0.7650359719999998,0,49796.004136999996,100.0,go
5,go,4,60,10000,60,60,600000,600000,0.8466899644333334,0.8691765387000032,0.8164492586000022,0,508013.9786600001,100.0,go
5,go,4,70,1,70,70,70,70,1.4150821714285715,3.847075,0.133867,0,99.055752,100.0,go
5,go,4,70,10,70,70,700,700,1.1987830257142857,1.9944570000000001,0.26981449999999996,0,839.148118,100.0,go
5,go,4,70,100,70,70,7000,7000,0.9299699114285713,1.06609791,0.6889705299999997,0,6509.78938,100.0,go
5,go,4,70,500,70,70,35000,35000,0.9159341938857143,0.9907995060000012,0.7864740019999997,0,32057.696786,100.0,go
5,go,4,70,1000,70,70,70000,70000,1.0234316788142857,1.069461932,0.9362321200000009,0,71640.217517,100.0,go
5,go,4,70,10000,70,70,700000,700000,0.9515108810828573,0.9726372594000006,0.902480288200004,0,666057.6167580001,100.0,go
5,go,4,80,1,80,80,80,80,1.3236834625,4.098428,0.097503,0,105.894677,100.0,go
5,go,4,80,10,80,80,800,800,1.3383657975,2.3862186000000003,0.41758200000000006,0,1070.692638,100.0,go
5,go,4,80,100,80,80,8000,8000,1.068655008375,1.2250363899999999,0.8636901399999998,0,8549.240066999999,100.0,go
5,go,4,80,500,80,80,40000,40000,1.024202220175,1.086052882,0.8988005759999995,0,40968.088807,100.0,go
5,go,4,80,1000,80,80,80000,80000,1.1023125186625,1.1545091250000004,0.9212621170000002,0,88185.001493,100.0,go
5,go,4,80,10000,80,80,800000,800000,1.0421526394912495,1.074186182000001,0.9654402399000013,0,833722.1115929997,100.0,go
5,go,4,90,1,90,90,90,90,3.615366588888889,12.235793,0.089004,0,325.382993,100.0,go
5,go,4,90,10,90,90,900,900,1.2087300466666666,2.1794615999999998,0.39314499999999997,0,1087.857042,100.0,go
5,go,4,90,100,90,90,9000,9000,1.2828138161111111,1.50160813,0.89371361,0,11545.324345,100.0,go
5,go,4,90,500,90,90,45000,45000,1.3456657601111113,1.4183657040000015,1.2073328640000014,0,60554.95920500001,100.0,go
5,go,4,90,1000,90,90,90000,90000,1.1926297108222224,1.2410868359999983,1.1204896300000002,0,107336.673974,100.0,go
5,go,4,90,10000,90,90,900000,900000,1.1582962147633338,1.179059691200003,1.1008543187999997,0,1042466.5932870005,100.0,go
5,go,4,100,1,100,100,100,100,1.86322116,4.558925,0.065807,0,186.322116,100.0,go
5,go,4,100,10,100,100,1000,1000,1.508837556,2.3937704999999996,0.8149636000000001,0,1508.837556,100.0,go
5,go,4,100,100,100,100,10000,10000,1.1859357108,1.3673421100000007,0.8782520100000001,0,11859.357108,100.0,go
5,go,4,100,500,100,100,50000,50000,1.3231577218000001,1.426492625999998,1.1565541639999994,0,66157.88609,100.0,go
5,go,4,100,1000,100,100,100000,100000,1.3292714717999998,1.3858113110000005,1.223654298,0,132927.14718,100.0,go
5,go,4,100,10000,100,100,1000000,1000000,1.2706330038200002,1.303830200199995,1.2062169820999984,0,1270633.0038200002,100.0,go
5,go,6,10,1,10,10,10,10,0.5323142,0.732912,0.221176,0,5.323142,100.0,go
5,go,6,10,10,10,10,100,100,0.3473912,0.40697350000000004,0.2845177,0,34.73912,100.0,go
5,go,6,10,100,10,10,1000,1000,0.28692861199999997,0.3084986099999999,0.24562862999999996,0,286.928612,100.0,go
5,go,6,10,500,10,10,5000,5000,0.2419851858,0.2477923400000002,0.22947625799999988,0,1209.925929,100.0,go
5,go,6,10,1000,10,10,10000,10000,0.22804869639999997,0.23514499200000027,0.21799249499999987,0,2280.4869639999997,100.0,go
5,go,6,10,10000,10,10,100000,100000,0.23050245743000009,0.23616355480000012,0.2174300917000001,0,23050.24574300001,100.0,go
5,go,6,20,1,20,20,20,20,0.8990642,2.569362,0.112832,0,17.981284,100.0,go
5,go,6,20,10,20,20,200,200,0.45391488999999996,0.5871339,0.29113350000000005,0,90.782978,100.0,go
5,go,6,20,100,20,20,2000,2000,0.38868551199999996,0.42194234,0.32419859999999995,0,777.3710239999999,100.0,go
5,go,6,20,500,20,20,10000,10000,0.36716891459999995,0.3842202980000002,0.298011598,0,3671.6891459999993,100.0,go
5,go,6,20,1000,20,20,20000,20000,0.6854329829499999,0.7007682609999993,0.6385753519999996,0,13708.659658999999,100.0,go
5,go,6,20,10000,20,20,200000,200000,0.4144459638599999,0.4296342490000005,0.38899176259999724,0,82889.19277199998,100.0,go
5,go,6,30,1,30,30,30,30,0.8769931333333333,2.33297,0.130294,0,26.309794,100.0,go
5,go,6,30,10,30,30,300,300,0.5572124233333333,0.7786692,0.2646601,0,167.163727,100.0,go
5,go,6,30,100,30,30,3000,3000,0.525527235,0.5755487900000001,0.4535351,0,1576.581705,100.0,go
5,go,6,30,500,30,30,15000,15000,0.6899597428666666,0.7343051300000004,0.6186236060000001,0,10349.396143,100.0,go
5,go,6,30,1000,30,30,30000,30000,0.5535914234,0.5759308259999996,0.47396606800000063,0,16607.742702,100.0,go
5,go,6,30,10000,30,30,300000,300000,0.5822016038466669,0.5982555334000031,0.5118698133999992,0,174660.4811540001,100.0,go
5,go,6,40,1,40,40,40,40,1.18036695,2.845647,0.116061,0,47.214678,100.0,go
5,go,6,40,10,40,40,400,400,0.9935607799999999,1.3091518,0.5204843,0,397.424312,100.0,go
5,go,6,40,100,40,40,4000,4000,0.66288752025,0.74381736,0.5084154200000001,0,2651.550081,100.0,go
5,go,6,40,500,40,40,20000,20000,0.736437365,0.7824570059999992,0.5896498239999998,0,14728.747299999999,100.0,go
5,go,6,40,1000,40,40,40000,40000,0.6393856995750001,0.6747465889999988,0.5187929609999999,0,25575.427983000005,100.0,go
5,go,6,40,10000,40,40,400000,400000,0.6785712336750002,0.6993767733999984,0.6234695512000007,0,271428.49347000004,100.0,go
5,go,6,50,1,50,50,50,50,1.43372208,4.948266,0.125625,0,71.686104,100.0,go
5,go,6,50,10,50,50,500,500,0.922097246,1.4363473999999998,0.29296029999999995,0,461.048623,100.0,go
5,go,6,50,100,50,50,5000,5000,0.7866589836,0.8988329199999999,0.5998127800000002,0,3933.294918,100.0,go
5,go,6,50,500,50,50,25000,25000,0.7763550796000002,0.8137097759999995,0.6992483920000001,0,19408.87699,100.0,go
5,go,6,50,1000,50,50,50000,50000,0.7897001949999999,0.8303109080000004,0.6987342890000006,0,39485.00975,100.0,go
5,go,6,50,10000,50,50,500000,500000,0.8056905731900001,0.829097797900001,0.7129859535999951,0,402845.28659500007,100.0,go
5,go,6,60,1,60,60,60,60,0.83251095,3.11486,0.091296,0,49.950657,100.0,go
5,go,6,60,10,60,60,600,600,1.3095745150000002,1.8947433,0.5972597,0,785.7447090000001,100.0,go
5,go,6,60,100,60,60,6000,6000,1.022103611,1.1329310099999998,0.7973615599999997,0,6132.621666,100.0,go
5,go,6,60,500,60,60,30000,30000,0.9155721662666667,0.9641560459999988,0.7695378799999996,0,27467.164988,100.0,go
5,go,6,60,1000,60,60,60000,60000,0.9550385749666667,0.9922410200000015,0.8729699050000009,0,57302.314498,100.0,go
5,go,6,60,10000,60,60,600000,600000,0.9082840435233336,0.9439369001000052,0.7928106430000031,0,544970.4261140001,100.0,go
5,go,6,70,1,70,70,70,70,1.5174596999999999,4.960793,0.187571,0,106.222179,100.0,go
5,go,6,70,10,70,70,700,700,1.3135497257142856,2.1255867,0.5681438999999999,0,919.4848079999999,100.0,go
5,go,6,70,100,70,70,7000,7000,0.9494138368571429,1.1164136899999997,0.5940597900000002,0,6645.896858,100.0,go
5,go,6,70,500,70,70,35000,35000,1.0196293881714287,1.1074880699999996,0.8413416700000002,0,35687.028586,100.0,go
5,go,6,70,1000,70,70,70000,70000,1.048844060042857,1.0937810650000006,0.9484070470000016,0,73419.084203,100.0,go
5,go,6,70,10000,70,70,700000,700000,1.0538612110914287,1.0885089533999974,1.002673951199995,0,737702.8477640001,100.0,go
5,go,6,80,1,80,80,80,80,1.378708125,4.826238,0.077535,0,110.29665,100.0,go
5,go,6,80,10,80,80,800,800,1.833258,3.26886,0.14180410000000002,0,1466.6064,100.0,go
5,go,6,80,100,80,80,8000,8000,1.5436886189999999,1.8219914300000004,0.9261648699999995,0,12349.508952,100.0,go
5,go,6,80,500,80,80,40000,40000,1.19650599215,1.272934586,1.0706219880000014,0,47860.239686,100.0,go
5,go,6,80,1000,80,80,80000,80000,1.1759132939749999,1.2415908189999978,1.056547874999999,0,94073.063518,100.0,go
5,go,6,80,10000,80,80,800000,800000,1.1645827125825,1.200502947299998,1.0884774364000038,0,931666.170066,100.0,go
5,go,6,90,1,90,90,90,90,1.3303520222222223,7.721466,0.10385,0,119.731682,100.0,go
5,go,6,90,10,90,90,900,900,1.3804390333333334,2.2687501,0.5662149000000001,0,1242.39513,100.0,go
5,go,6,90,100,90,90,9000,9000,1.1576224172222223,1.3488920100000001,0.7115205699999998,0,10418.601755,100.0,go
5,go,6,90,500,90,90,45000,45000,1.3021896769999999,1.3919479239999988,1.1689020780000012,0,58598.53546499999,100.0,go
5,go,6,90,1000,90,90,90000,90000,1.2767899326555556,1.357123252,1.1009443070000005,0,114911.09393900001,100.0,go
5,go,6,90,10000,90,90,900000,900000,1.2766600035877778,1.3040418276000032,1.219778967999998,0,1148994.0032290001,100.0,go
5,go,6,100,1,100,100,100,100,1.15330043,4.196029,0.087771,0,115.330043,100.0,go
5,go,6,100,10,100,100,1000,1000,1.400368563,2.2211252,0.4200298,0,1400.368563,100.0,go
5,go,6,100,100,100,100,10000,10000,1.2772196237,1.4864143299999997,0.93649096,0,12772.196237,100.0,go
5,go,6,100,500,100,100,50000,50000,1.52595772878,1.6229395200000003,1.3661364619999992,0,76297.88643900001,100.0,go
5,go,6,100,1000,100,100,100000,100000,1.4284323775,1.4912996369999996,1.3280495500000002,0,142843.23775,100.0,go
5,go,6,100,10000,100,100,1000000,1000000,1.384636660367,1.4250062743999925,1.275544726400002,0,1384636.6603670001,100.0,go
5,go,8,10,1,10,10,10,10,0.5021584,0.853875,0.305897,0,5.021584,100.0,go
5,go,8,10,10,10,10,100,100,0.30969193,0.47972850000000006,0.20896169999999997,0,30.969193,100.0,go
5,go,8,10,100,10,10,1000,1000,0.247989116,0.2617137600000001,0.22102026,0,247.98911600000002,100.0,go
5,go,8,10,500,10,10,5000,5000,0.22476405600000007,0.23512846399999993,0.2081731699999999,0,1123.8202800000004,100.0,go
5,go,8,10,1000,10,10,10000,10000,0.23355591250000002,0.24523162400000026,0.22128267700000012,0,2335.5591249999998,100.0,go
5,go,8,10,10000,10,10,100000,100000,0.23243467650999997,0.23619836230000046,0.22098938469999926,0,23243.467650999995,100.0,go
5,go,8,20,1,20,20,20,20,0.8611689,2.189539,0.119782,0,17.223378,100.0,go
5,go,8,20,10,20,20,200,200,0.404542585,0.5811241,0.23883150000000003,0,80.908517,100.0,go
5,go,8,20,100,20,20,2000,2000,0.38336786349999996,0.42874449999999986,0.3451351500000001,0,766.735727,100.0,go
5,go,8,20,500,20,20,10000,10000,0.3917647739,0.4176621080000001,0.3293017900000005,0,3917.647739,100.0,go
5,go,8,20,1000,20,20,20000,20000,0.37227076079999993,0.39562011999999985,0.325824969,0,7445.4152159999985,100.0,go
5,go,8,20,10000,20,20,200000,200000,0.40439371826500015,0.4147579072000012,0.3605353301000013,0,80878.74365300003,100.0,go
5,go,8,30,1,30,30,30,30,1.2174597,4.366332,0.117934,0,36.523791,100.0,go
5,go,8,30,10,30,30,300,300,0.66217241,0.8859349,0.2592076,0,198.651723,100.0,go
5,go,8,30,100,30,30,3000,3000,0.629370027,0.71058677,0.43955164,0,1888.110081,100.0,go
5,go,8,30,500,30,30,15000,15000,0.5829452647333333,0.644028956,0.47152109199999975,0,8744.178971,100.0,go
5,go,8,30,1000,30,30,30000,30000,0.5388372934666666,0.5690053960000001,0.49567574299999995,0,16165.118803999998,100.0,go
5,go,8,30,10000,30,30,300000,300000,0.5569677839466671,0.5761729651999973,0.4522373150999993,0,167090.3351840001,100.0,go
5,go,8,40,1,40,40,40,40,1.554872175,3.033052,0.237597,0,62.194887,100.0,go
5,go,8,40,10,40,40,400,400,1.06341288,1.5267126,0.3218615,0,425.365152,100.0,go
5,go,8,40,100,40,40,4000,4000,1.15887541475,1.3069328900000006,0.8475195799999998,0,4635.501659,100.0,go
5,go,8,40,500,40,40,20000,20000,0.6661618925000001,0.7348231999999998,0.5732542000000003,0,13323.237850000001,100.0,go
5,go,8,40,1000,40,40,40000,40000,0.7261849644249998,0.7798009179999991,0.4957348169999997,0,29047.398576999993,100.0,go
5,go,8,40,10000,40,40,400000,400000,0.7121048639424999,0.7645529614999979,0.5283025531999995,0,284841.945577,100.0,go
5,go,8,50,1,50,50,50,50,1.04067584,2.40153,0.157407,0,52.033792,100.0,go
5,go,8,50,10,50,50,500,500,0.922281524,1.2462240999999998,0.4916896000000001,0,461.140762,100.0,go
5,go,8,50,100,50,50,5000,5000,0.8048173212,0.9008092500000003,0.61362593,0,4024.0866060000003,100.0,go
5,go,8,50,500,50,50,25000,25000,0.96817503676,1.037846830000001,0.7882508960000006,0,24204.375919,100.0,go
5,go,8,50,1000,50,50,50000,50000,0.9560519540599998,1.0141747920000006,0.7806272029999992,0,47802.59770299999,100.0,go
5,go,8,50,10000,50,50,500000,500000,0.8674442368680001,0.905688681199999,0.7608420759000013,0,433722.11843400006,100.0,go
5,go,8,60,1,60,60,60,60,1.17034225,5.713247,0.126904,0,70.220535,100.0,go
5,go,8,60,10,60,60,600,600,1.0123288366666667,1.5768225,0.3884349000000001,0,607.397302,100.0,go
5,go,8,60,100,60,60,6000,6000,0.9994888633333333,1.1686993199999995,0.65858401,0,5996.93318,100.0,go
5,go,8,60,500,60,60,30000,30000,0.9265832189,0.9931937039999997,0.7794028760000001,0,27797.496567,100.0,go
5,go,8,60,1000,60,60,60000,60000,0.9795952826666667,1.0333582029999997,0.8955093250000002,0,58775.716960000005,100.0,go
5,go,8,60,10000,60,60,600000,600000,1.0031894474299998,1.0372127163999982,0.9262753365000006,0,601913.6684579998,100.0,go
5,go,8,70,1,70,70,70,70,1.5049163142857143,4.663747,0.14142,0,105.344142,100.0,go
5,go,8,70,10,70,70,700,700,1.1834468128571427,2.0739086999999996,0.397006,0,828.412769,100.0,go
5,go,8,70,100,70,70,7000,7000,1.2459785108571428,1.4108340300000006,0.8914771800000001,0,8721.849575999999,100.0,go
5,go,8,70,500,70,70,35000,35000,1.0368832618571429,1.1390207319999992,0.7308079439999996,0,36290.914164999995,100.0,go
5,go,8,70,1000,70,70,70000,70000,1.093547394842857,1.1667431209999992,0.6341052229999993,0,76548.31763899999,100.0,go
5,go,8,70,10000,70,70,700000,700000,1.1055513494285718,1.1383231980999946,1.0044648672999994,0,773885.9446000002,100.0,go
5,go,8,80,1,80,80,80,80,1.2669453000000002,4.811053,0.124952,0,101.355624,100.0,go
5,go,8,80,10,80,80,800,800,1.44391356625,2.6460358999999993,0.45568909999999996,0,1155.130853,100.0,go
5,go,8,80,100,80,80,8000,8000,1.432567087,1.6723999999999994,0.8607427800000004,0,11460.536696,100.0,go
5,go,8,80,500,80,80,40000,40000,1.3164507447,1.413731626000001,0.9796735620000004,0,52658.029788,100.0,go
5,go,8,80,1000,80,80,80000,80000,1.2850026969125001,1.3547577349999984,1.0981724189999997,0,102800.215753,100.0,go
5,go,8,80,10000,80,80,800000,800000,1.2959945055925,1.3305386066000044,1.1309930858000026,0,1036795.6044739999,100.0,go
5,go,8,90,1,90,90,90,90,1.724900288888889,9.637691,0.099089,0,155.241026,100.0,go
5,go,8,90,10,90,90,900,900,1.2926599044444445,2.9574114,0.225835,0,1163.393914,100.0,go
5,go,8,90,100,90,90,9000,9000,1.2382169962222223,1.5527924400000004,0.8044767699999998,0,11143.952966,100.0,go
5,go,8,90,500,90,90,45000,45000,1.3989600967111113,1.4995394140000002,1.1937958919999991,0,62953.20435200001,100.0,go
5,go,8,90,1000,90,90,90000,90000,1.3497273907444445,1.4126762780000017,1.2349698160000007,0,121475.46516700002,100.0,go
5,go,8,90,10000,90,90,900000,900000,1.3526778478844443,1.3999987432000038,1.2312821360000055,0,1217410.0630959999,100.0,go
5,go,8,100,1,100,100,100,100,2.36181237,7.755231,0.069987,0,236.181237,100.0,go
5,go,8,100,10,100,100,1000,1000,1.730055314,2.6679276,0.6418848,0,1730.055314,100.0,go
5,go,8,100,100,100,100,10000,10000,1.4359903002999999,1.6189916499999994,1.1393439,0,14359.903003,100.0,go
5,go,8,100,500,100,100,50000,50000,1.50880624324,1.6238876539999982,1.0118847240000002,0,75440.312162,100.0,go
5,go,8,100,1000,100,100,100000,100000,1.50962684565,1.577410626999999,1.2247833159999977,0,150962.684565,100.0,go
5,go,8,100,10000,100,100,1000000,1000000,1.5303747377539998,1.5711755663999976,1.4266454263000052,0,1530374.7377539997,100.0,go
5,go,10,10,1,10,10,10,10,0.45287120000000003,0.950487,0.249833,0,4.5287120000000005,100.0,go
5,go,10,10,10,10,10,100,100,0.28276409999999996,0.30904689999999996,0.23107729999999999,0,28.27641,100.0,go
5,go,10,10,100,10,10,1000,1000,0.29644022200000003,0.3188088399999999,0.2635784000000001,0,296.440222,100.0,go
5,go,10,10,500,10,10,5000,5000,0.2388541882,0.24623284000000004,0.23191717600000022,0,1194.270941,100.0,go
5,go,10,10,1000,10,10,10000,10000,0.23144067980000002,0.23604548900000014,0.22109124599999982,0,2314.4067980000004,100.0,go
5,go,10,10,10000,10,10,100000,100000,0.24693031885999991,0.2533215050999989,0.2392073674000004,0,24693.031885999993,100.0,go
5,go,10,20,1,20,20,20,20,0.72511695,1.481485,0.141778,0,14.502339,100.0,go
5,go,10,20,10,20,20,200,200,0.464758965,0.6162453,0.175591,0,92.951793,100.0,go
5,go,10,20,100,20,20,2000,2000,0.4833007510000001,0.5535797599999999,0.3715507900000001,0,966.6015020000001,100.0,go
5,go,10,20,500,20,20,10000,10000,0.4297423511,0.4603875460000002,0.38129488799999944,0,4297.423511,100.0,go
5,go,10,20,1000,20,20,20000,20000,0.39443938550000013,0.41275310500000006,0.3633827610000006,0,7888.787710000002,100.0,go
5,go,10,20,10000,20,20,200000,200000,0.44173768960999976,0.45894517430000054,0.39076182769999945,0,88347.53792199996,100.0,go
5,go,10,30,1,30,30,30,30,0.5897347666666667,1.66748,0.098989,0,17.692043,100.0,go
5,go,10,30,10,30,30,300,300,0.6139908233333333,0.8943046000000001,0.30593820000000005,0,184.197247,100.0,go
5,go,10,30,100,30,30,3000,3000,0.5738673313333333,0.63315212,0.4467565900000001,0,1721.6019939999999,100.0,go
5,go,10,30,500,30,30,15000,15000,0.5278393135333334,0.5552736460000004,0.45031240599999967,0,7917.589703000001,100.0,go
5,go,10,30,1000,30,30,30000,30000,0.5599823165333332,0.593262155999999,0.4576733120000004,0,16799.469495999998,100.0,go
5,go,10,30,10000,30,30,300000,300000,0.5653769308300002,0.5882174426000035,0.4696668880000012,0,169613.07924900006,100.0,go
5,go,10,40,1,40,40,40,40,1.0398121249999999,3.166676,0.159783,0,41.592484999999996,100.0,go
5,go,10,40,10,40,40,400,400,0.8800063425,1.2170896,0.383857,0,352.002537,100.0,go
5,go,10,40,100,40,40,4000,4000,0.91364538025,1.0477986200000007,0.66257926,0,3654.5815209999996,100.0,go
5,go,10,40,500,40,40,20000,20000,0.7307359651500002,0.7988159939999996,0.5723289080000004,0,14614.719303000003,100.0,go
5,go,10,40,1000,40,40,40000,40000,0.6945693223000002,0.7429376949999996,0.48579554500000033,0,27782.772892000008,100.0,go
5,go,10,40,10000,40,40,400000,400000,0.7228793767574998,0.7657373644000007,0.5460858861999984,0,289151.7507029999,100.0,go
5,go,10,50,1,50,50,50,50,1.287022,3.410852,0.118863,0,64.3511,100.0,go
5,go,10,50,10,50,50,500,500,1.154791726,1.8626754,0.3823628999999999,0,577.395863,100.0,go
5,go,10,50,100,50,50,5000,5000,1.0814994088,1.24157186,0.7375158899999998,0,5407.497044,100.0,go
5,go,10,50,500,50,50,25000,25000,0.87545650752,0.9385509499999999,0.6416174560000001,0,21886.412687999997,100.0,go
5,go,10,50,1000,50,50,50000,50000,0.8664188990799999,0.9409864969999991,0.5934303310000006,0,43320.944954,100.0,go
5,go,10,50,10000,50,50,500000,500000,0.8866352728660003,0.9264294706999991,0.7201026368999982,0,443317.63643300015,100.0,go
5,go,10,60,1,60,60,60,60,1.40742685,4.255852,0.194728,0,84.445611,100.0,go
5,go,10,60,10,60,60,600,600,1.0790436300000001,1.8098854999999996,0.2233367,0,647.4261779999999,100.0,go
5,go,10,60,100,60,60,6000,6000,1.0282540803333333,1.1672500900000005,0.7774714200000002,0,6169.524482,100.0,go
5,go,10,60,500,60,60,30000,30000,1.104508262966667,1.2564234699999979,0.812166444000001,0,33135.247889000006,100.0,go
5,go,10,60,1000,60,60,60000,60000,1.0219218980833333,1.0979579100000003,0.6357838439999992,0,61315.313884999996,100.0,go
5,go,10,60,10000,60,60,600000,600000,1.0459157861066675,1.0962407016000009,0.8873142750999992,0,627549.4716640004,100.0,go
5,go,10,70,1,70,70,70,70,1.3864341,6.656293,0.121148,0,97.050387,100.0,go
5,go,10,70,10,70,70,700,700,1.889723657142857,2.8845788999999997,0.30663830000000003,0,1322.80656,100.0,go
5,go,10,70,100,70,70,7000,7000,1.273558639142857,1.4915644599999995,0.6764550200000001,0,8914.910474,100.0,go
5,go,10,70,500,70,70,35000,35000,1.1076462361714285,1.2150143660000001,0.8161156280000007,0,38767.618266,100.0,go
5,go,10,70,1000,70,70,70000,70000,1.1463238519857142,1.2340205370000004,0.8864243000000007,0,80242.669639,100.0,go
5,go,10,70,10000,70,70,700000,700000,1.2426759357471429,1.3058469065999965,0.9866651253000044,0,869873.155023,100.0,go
5,go,10,80,1,80,80,80,80,1.0833623375,6.710538,0.094953,0,86.668987,100.0,go
5,go,10,80,10,80,80,800,800,1.6218193849999998,2.6854779,0.4397044000000001,0,1297.455508,100.0,go
5,go,10,80,100,80,80,8000,8000,1.3309414848749999,1.6368933299999997,0.87556101,0,10647.531879,100.0,go
5,go,10,80,500,80,80,40000,40000,1.318312422725,1.4006431860000004,0.9736352960000001,0,52732.49690900001,100.0,go
5,go,10,80,1000,80,80,80000,80000,1.3062229038625,1.3625401959999994,1.1083095459999994,0,104497.83230899999,100.0,go
5,go,10,80,10000,80,80,800000,800000,1.3759329035562504,1.4381291737999944,1.0491331829000003,0,1100746.3228450003,100.0,go
5,go,10,90,1,90,90,90,90,3.3139523222222227,9.44433,0.185608,0,298.255709,100.0,go
5,go,10,90,10,90,90,900,900,1.7862780444444446,3.0379585000000002,0.1342959,0,1607.65024,100.0,go
5,go,10,90,100,90,90,9000,9000,1.3219023978888889,1.530217720000001,0.82742086,0,11897.121581,100.0,go
5,go,10,90,500,90,90,45000,45000,1.5024282909111113,1.6154965479999988,1.1739112580000002,0,67609.273091,100.0,go
5,go,10,90,1000,90,90,90000,90000,1.3767152370777775,1.4630779229999975,1.2185032740000012,0,123904.37133699999,100.0,go
5,go,10,90,10000,90,90,900000,900000,1.47010381107,1.5387312401999969,1.272742132199997,0,1323093.429963,100.0,go
5,go,10,100,1,100,100,100,100,2.00941392,5.398088,0.08217,0,200.941392,100.0,go
5,go,10,100,10,100,100,1000,1000,2.064238019,3.3319389,0.5886337,0,2064.238019,100.0,go
5,go,10,100,100,100,100,10000,10000,1.8941855545000001,2.3218724500000003,1.3553507900000001,0,18941.855545000002,100.0,go
5,go,10,100,500,100,100,50000,50000,1.5932813305199998,1.696409877999999,1.3223473940000001,0,79664.06652599998,100.0,go
5,go,10,100,1000,100,100,100000,100000,1.57387577217,1.6971512650000014,1.330076499999999,0,157387.577217,100.0,go
5,go,10,100,10000,100,100,1000000,1000000,1.5572495434210012,1.6108367583999985,1.371311568100004,0,1557249.5434210012,100.0,go
5,cpp,2,10,1,10,10,10,10,1.5435912,2.438213,0.336821,0,15.435912,100.0,cpp
5,cpp,2,10,10,10,10,100,100,0.4130092899999999,0.5040088999999999,0.22986780000000007,0,41.300929,100.0,cpp
5,cpp,2,10,100,10,10,1000,1000,0.381682157,0.40371007000000003,0.33249799999999996,0,381.682157,100.0,cpp
5,cpp,2,10,500,10,10,5000,5000,0.4671052812000001,0.5040246440000005,0.41293609399999975,0,2335.5264060000004,100.0,cpp
5,cpp,2,10,1000,10,10,10000,10000,0.36940602639999987,0.3868398040000003,0.34914492900000066,0,3694.060263999999,100.0,cpp
5,cpp,2,10,10000,10,10,100000,100000,0.36335224489999984,0.3885860736000016,0.3091938996000001,0,36335.224489999986,100.0,cpp
5,cpp,2,20,1,20,20,20,20,1.27201605,2.954832,0.185628,0,25.440321,100.0,cpp
5,cpp,2,20,10,20,20,200,200,0.605690205,0.8250438000000001,0.35784020000000005,0,121.138041,100.0,cpp
5,cpp,2,20,100,20,20,2000,2000,1.1621611415,1.2469520600000001,1.0231614900000006,0,2324.322283,100.0,cpp
5,cpp,2,20,500,20,20,10000,10000,0.6032345865,0.6436486059999994,0.549405002,0,6032.345864999999,100.0,cpp
5,cpp,2,20,1000,20,20,20000,20000,0.6834430536000005,0.70395744,0.6520836190000007,0,13668.861072000009,100.0,cpp
5,cpp,2,20,10000,20,20,200000,200000,0.6144384281649999,0.6551815909000012,0.5515751046000016,0,122887.68563299999,100.0,cpp
5,cpp,2,30,1,30,30,30,30,1.5385649666666665,5.43516,0.151886,0,46.156949,100.0,cpp
5,cpp,2,30,10,30,30,300,300,0.5714375466666667,0.9663123,0.38954450000000007,0,171.431264,100.0,cpp
5,cpp,2,30,100,30,30,3000,3000,0.8716616380000001,0.9679708300000002,0.72122727,0,2614.984914,100.0,cpp
5,cpp,2,30,500,30,30,15000,15000,0.8565511598666667,0.8856907320000004,0.8007361799999987,0,12848.267398,100.0,cpp
5,cpp,2,30,1000,30,30,30000,30000,0.8077178018333334,0.9131362730000004,0.6380608650000004,0,24231.534055,100.0,cpp
5,cpp,2,30,10000,30,30,300000,300000,0.8403992946699999,0.8515784172000014,0.829885017200001,0,252119.78840099994,100.0,cpp
5,cpp,2,40,1,40,40,40,40,0.9897726499999999,2.919842,0.204974,0,39.590906,100.0,cpp
5,cpp,2,40,10,40,40,400,400,0.6209440425,0.9880851000000002,0.2633593,0,248.377617,100.0,cpp
5,cpp,2,40,100,40,40,4000,4000,1.15610214725,1.2763857300000003,1.00487933,0,4624.408589000001,100.0,cpp
5,cpp,2,40,500,40,40,20000,20000,1.0627834987,1.1717651799999997,0.9057834220000004,0,21255.669974,100.0,cpp
5,cpp,2,40,1000,40,40,40000,40000,1.0666399727,1.1112066669999998,0.9805621529999999,0,42665.598908,100.0,cpp
5,cpp,2,40,10000,40,40,400000,400000,1.0688933346600002,1.1019628450999994,1.0250736891000007,0,427557.3338640001,100.0,cpp
5,cpp,2,50,1,50,50,50,50,0.94385988,3.11568,0.194937,0,47.192994,100.0,cpp
5,cpp,2,50,10,50,50,500,500,0.9452078759999999,1.9172093999999997,0.28308619999999995,0,472.60393799999997,100.0,cpp
5,cpp,2,50,100,50,50,5000,5000,1.5056053414,1.8942405300000005,1.0674328999999998,0,7528.026707,100.0,cpp
5,cpp,2,50,500,50,50,25000,25000,1.3662816904,1.5251265079999998,1.0730027760000007,0,34157.042259999995,100.0,cpp
5,cpp,2,50,1000,50,50,50000,50000,1.3370701604000004,1.3770836210000008,1.2941846580000003,0,66853.50802000001,100.0,cpp
5,cpp,2,50,10000,50,50,500000,500000,1.2866152702959999,1.3954892266000032,1.125460255500001,0,643307.6351479999,100.0,cpp
5,cpp,2,60,1,60,60,60,60,1.0321512,3.854707,0.140642,0,61.929072,100.0,cpp
5,cpp,2,60,10,60,60,600,600,1.203348145,2.5059102,0.319654,0,722.0088870000001,100.0,cpp
5,cpp,2,60,100,60,60,6000,6000,1.6336801208333331,1.8252698700000005,1.40915412,0,9802.080725,100.0,cpp
5,cpp,2,60,500,60,60,30000,30000,1.5600254216666667,1.767731104000001,1.2333862500000004,0,46800.762650000004,100.0,cpp
5,cpp,2,60,1000,60,60,60000,60000,1.5070678246833336,1.6776201960000008,1.2574136690000024,0,90424.06948100001,100.0,cpp
5,cpp,2,60,10000,60,60,600000,600000,1.5736381722333328,1.6716290466999988,1.4356079195999982,0,944182.9033399996,100.0,cpp
5,cpp,2,70,1,70,70,70,70,1.9875533857142857,7.026942,0.139155,0,139.128737,100.0,cpp
5,cpp,2,70,10,70,70,700,700,1.2297148057142857,2.6357912,0.3432659,0,860.800364,100.0,cpp
5,cpp,2,70,100,70,70,7000,7000,2.209777495428571,2.608441309999999,1.8623993900000004,0,15468.442468,100.0,cpp
5,cpp,2,70,500,70,70,35000,35000,2.0548062914571426,2.2310157560000006,1.782804369999999,0,71918.220201,100.0,cpp
5,cpp,2,70,1000,70,70,70000,70000,2.0150916645,2.135909663999997,1.8330472090000016,0,141056.416515,100.0,cpp
5,cpp,2,70,10000,70,70,700000,700000,1.862224752237143,2.0350795782999955,1.5942905992000005,0,1303557.326566,100.0,cpp
5,cpp,2,80,1,80,80,80,80,1.94801095,8.797954,0.136828,0,155.840876,100.0,cpp
5,cpp,2,80,10,80,80,800,800,1.8348990874999997,3.3717615000000003,0.5883849000000001,0,1467.91927,100.0,cpp
5,cpp,2,80,100,80,80,8000,8000,2.16436921875,2.38252459,1.60973478,0,17314.95375,100.0,cpp
5,cpp,2,80,500,80,80,40000,40000,2.2364736254749995,2.3301479039999977,2.031214557999999,0,89458.94501899999,100.0,cpp
5,cpp,2,80,1000,80,80,80000,80000,2.1227418059875003,2.3249087689999985,1.832697171999998,0,169819.34447900002,100.0,cpp
5,cpp,2,80,10000,80,80,800000,800000,2.1857389604487496,2.247840797900009,2.110621289300004,0,1748591.1683589998,100.0,cpp
5,cpp,2,90,1,90,90,90,90,1.4713035333333333,5.635705,0.193699,0,132.417318,100.0,cpp
5,cpp,2,90,10,90,90,900,900,1.5095627866666668,2.3597446,0.33934880000000006,0,1358.606508,100.0,cpp
5,cpp,2,90,100,90,90,9000,9000,2.617693809222222,2.8404988099999993,2.2713993900000005,0,23559.244283,100.0,cpp
5,cpp,2,90,500,90,90,45000,45000,2.346944047355556,2.7301467140000018,1.6550622579999978,0,105612.48213100003,100.0,cpp
5,cpp,2,90,1000,90,90,90000,90000,2.8049460549888887,2.9919710690000003,2.548056040000002,0,252445.144949,100.0,cpp
5,cpp,2,90,10000,90,90,900000,900000,2.520006895178888,2.5617279956999908,2.4584778893000028,0,2268006.2056609993,100.0,cpp
5,cpp,2,100,1,100,100,100,100,2.36422281,13.073555,0.177241,0,236.422281,100.0,cpp
5,cpp,2,100,10,100,100,1000,1000,6.04996391,11.154401799999999,0.29519189999999995,0,6049.96391,100.0,cpp
5,cpp,2,100,100,100,100,10000,10000,2.5565708409,2.8570946299999997,1.8311137199999998,0,25565.708409,100.0,cpp
5,cpp,2,100,500,100,100,50000,50000,2.71296170564,3.0256130419999994,2.1222656460000007,0,135648.08528200001,100.0,cpp
5,cpp,2,100,1000,100,100,100000,100000,2.79671332252,2.867499437000002,2.714508318000001,0,279671.33225200005,100.0,cpp
5,cpp,2,100,10000,100,100,1000000,1000000,2.660177906356001,2.934875778099994,2.2417945022999977,0,2660177.906356001,100.0,cpp
5,cpp,4,10,1,10,10,10,10,0.5924341,1.269231,0.163752,0,5.924341,100.0,cpp
5,cpp,4,10,10,10,10,100,100,0.53106606,0.6126808,0.44711190000000006,0,53.106606,100.0,cpp
5,cpp,4,10,100,10,10,1000,1000,0.419451891,0.4622695400000002,0.36120273,0,419.45189100000005,100.0,cpp
5,cpp,4,10,500,10,10,5000,5000,0.37924815900000014,0.4314749020000005,0.3111666460000003,0,1896.2407950000006,100.0,cpp
5,cpp,4,10,1000,10,10,10000,10000,0.38629058660000015,0.445186566,0.2635612060000001,0,3862.9058660000014,100.0,cpp
5,cpp,4,10,10000,10,10,100000,100000,0.39934763528000017,0.45159587189999956,0.26088589399999895,0,39934.76352800002,100.0,cpp
5,cpp,4,20,1,20,20,20,20,0.78985235,2.447377,0.153428,0,15.797047,100.0,cpp
5,cpp,4,20,10,20,20,200,200,0.8399016749999999,1.4778855,0.4499801,0,167.980335,100.0,cpp
5,cpp,4,20,100,20,20,2000,2000,0.6687278065000001,0.73655715,0.4902108400000001,0,1337.455613,100.0,cpp
5,cpp,4,20,500,20,20,10000,10000,0.7387376800000002,0.8106204840000009,0.6220635179999998,0,7387.376800000002,100.0,cpp
5,cpp,4,20,1000,20,20,20000,20000,0.7975577401999998,0.8589345560000003,0.598941014,0,15951.154803999996,100.0,cpp
5,cpp,4,20,10000,20,20,200000,200000,0.7478871046250001,0.8470652322000022,0.42631262650000223,0,149577.420925,100.0,cpp
5,cpp,4,30,1,30,30,30,30,0.8698955,2.307117,0.187647,0,26.096865,100.0,cpp
5,cpp,4,30,10,30,30,300,300,1.18103021,2.3187262000000004,0.4823378,0,354.30906300000004,100.0,cpp
5,cpp,4,30,100,30,30,3000,3000,0.906729886,1.0567757699999996,0.6861756800000001,0,2720.189658,100.0,cpp
5,cpp,4,30,500,30,30,15000,15000,1.0589516842666666,1.2109830360000011,0.7848901820000005,0,15884.275264000002,100.0,cpp
5,cpp,4,30,1000,30,30,30000,30000,1.2436774842666667,1.3192977539999995,1.0475561089999978,0,37310.324528,100.0,cpp
5,cpp,4,30,10000,30,30,300000,300000,1.2123663257633337,1.2796246060999976,1.0822611565000024,0,363709.8977290001,100.0,cpp
5,cpp,4,40,1,40,40,40,40,1.1141300250000001,3.118357,0.162887,0,44.565201,100.0,cpp
5,cpp,4,40,10,40,40,400,400,0.9632451025,1.6536482000000003,0.4281001,0,385.298041,100.0,cpp
5,cpp,4,40,100,40,40,4000,4000,1.12657228175,1.3837231300000006,0.5320273600000001,0,4506.289127,100.0,cpp
5,cpp,4,40,500,40,40,20000,20000,1.3643698911,1.5603494679999987,0.969300834,0,27287.397822,100.0,cpp
5,cpp,4,40,1000,40,40,40000,40000,1.2023205229249996,1.3645422979999995,0.9206589090000001,0,48092.82091699998,100.0,cpp
5,cpp,4,40,10000,40,40,400000,400000,1.27391950706,1.3513755572000028,1.1940297478999982,0,509567.802824,100.0,cpp
5,cpp,4,50,1,50,50,50,50,1.4864620199999998,7.132456,0.160456,0,74.323101,100.0,cpp
5,cpp,4,50,10,50,50,500,500,1.1255305,2.1476730999999996,0.2989999,0,562.76525,100.0,cpp
5,cpp,4,50,100,50,50,5000,5000,1.4115322272,1.7501897900000012,1.0987907600000004,0,7057.661136000001,100.0,cpp
5,cpp,4,50,500,50,50,25000,25000,1.6724133375599999,1.8148181199999995,1.4597487899999997,0,41810.333439,100.0,cpp
5,cpp,4,50,1000,50,50,50000,50000,1.6470177043399996,1.8809042899999995,1.189449162000001,0,82350.88521699999,100.0,cpp
5,cpp,4,50,10000,50,50,500000,500000,1.4609972246500007,1.6390906882000025,1.2843682195999997,0,730498.6123250003,100.0,cpp
5,cpp,4,60,1,60,60,60,60,1.15492815,4.006007,0.212286,0,69.295689,100.0,cpp
5,cpp,4,60,10,60,60,600,600,1.0362829150000001,1.869227,0.2952181,0,621.769749,100.0,cpp
5,cpp,4,60,100,60,60,6000,6000,1.450078403,1.7985169300000001,0.8332248100000003,0,8700.470418,100.0,cpp
5,cpp,4,60,500,60,60,30000,30000,2.2495575577333335,2.4294235079999984,1.9029021919999993,0,67486.72673200001,100.0,cpp
5,cpp,4,60,1000,60,60,60000,60000,1.9511660057166664,2.0952913740000008,1.7980679350000006,0,117069.960343,100.0,cpp
5,cpp,4,60,10000,60,60,600000,600000,1.6137446854333333,1.7480204595999982,1.2957938140999983,0,968246.8112600001,100.0,cpp
5,cpp,4,70,1,70,70,70,70,1.3318352,4.575289,0.207968,0,93.228464,100.0,cpp
5,cpp,4,70,10,70,70,700,700,1.4071520371428572,2.6195112999999997,0.30351079999999997,0,985.006426,100.0,cpp
5,cpp,4,70,100,70,70,7000,7000,2.0840571588571426,2.5817463400000005,1.0814673799999996,0,14588.400112,100.0,cpp
5,cpp,4,70,500,70,70,35000,35000,2.414973244285714,2.6047034860000013,1.9975596840000018,0,84524.06354999999,100.0,cpp
5,cpp,4,70,1000,70,70,70000,70000,2.102697279128571,2.267025679000004,1.847988961000001,0,147188.80953899998,100.0,cpp
5,cpp,4,70,10000,70,70,700000,700000,1.893947609035713,2.1295291866000023,1.5798371930999981,0,1325763.326324999,100.0,cpp
5,cpp,4,80,1,80,80,80,80,2.2836203999999998,10.631385,0.212624,0,182.689632,100.0,cpp
5,cpp,4,80,10,80,80,800,800,1.73898653,3.3188431,0.4703151,0,1391.189224,100.0,cpp
5,cpp,4,80,100,80,80,8000,8000,2.054878867375,2.707498430000001,1.1738506400000002,0,16439.030939,100.0,cpp
5,cpp,4,80,500,80,80,40000,40000,2.22073693035,2.4733037219999994,1.4908994919999994,0,88829.477214,100.0,cpp
5,cpp,4,80,1000,80,80,80000,80000,2.1864523843500003,2.311120888999999,1.8417111539999973,0,174916.19074800002,100.0,cpp
5,cpp,4,80,10000,80,80,800000,800000,2.1849986819412495,2.3749725640999904,1.7541810470999935,0,1747998.9455529999,100.0,cpp
5,cpp,4,90,1,90,90,90,90,1.7703555666666666,9.676109,0.193123,0,159.332001,100.0,cpp
5,cpp,4,90,10,90,90,900,900,1.8941726122222222,4.0517785,0.4533104999999999,0,1704.755351,100.0,cpp
5,cpp,4,90,100,90,90,9000,9000,2.205220310777778,2.66326974,1.5894341799999998,0,19846.982797,100.0,cpp
5,cpp,4,90,500,90,90,45000,45000,2.544039680888889,2.7397522879999983,1.9933947259999993,0,114481.78564,100.0,cpp
5,cpp,4,90,1000,90,90,90000,90000,2.36397157611111,2.6244343899999962,1.6805769339999994,0,212757.44184999994,100.0,cpp
5,cpp,4,90,10000,90,90,900000,900000,2.388831160279999,2.559810908500002,2.1430513188000155,0,2149948.0442519994,100.0,cpp
5,cpp,4,100,1,100,100,100,100,1.2727116,10.428364,0.144888,0,127.27116,100.0,cpp
5,cpp,4,100,10,100,100,1000,1000,2.128633064,4.4184131,0.20101110000000003,0,2128.633064,100.0,cpp
5,cpp,4,100,100,100,100,10000,10000,2.4452687187,2.9702494499999994,1.8949950899999992,0,24452.687187,100.0,cpp
5,cpp,4,100,500,100,100,50000,50000,2.8269877723600003,3.055704374,2.4241744199999995,0,141349.388618,100.0,cpp
5,cpp,4,100,1000,100,100,100000,100000,2.6656368561799995,2.8665422370000018,2.307446660000001,0,266563.685618,100.0,cpp
5,cpp,4,100,10000,100,100,1000000,1000000,2.846561334553,3.00399217760001,2.473802234299996,0,2846561.334553,100.0,cpp
5,cpp,6,10,1,10,10,10,10,0.5195011,0.964598,0.299397,0,5.195011,100.0,cpp
5,cpp,6,10,10,10,10,100,100,0.5006577,0.6416993,0.30776629999999994,0,50.06577,100.0,cpp
5,cpp,6,10,100,10,10,1000,1000,0.44337379099999996,0.48593016999999983,0.3511731499999998,0,443.373791,100.0,cpp
5,cpp,6,10,500,10,10,5000,5000,0.4573944054000001,0.5238754999999994,0.37125526400000014,0,2286.9720270000003,100.0,cpp
5,cpp,6,10,1000,10,10,10000,10000,0.40898445279999984,0.4540000539999999,0.27779432100000007,0,4089.844527999999,100.0,cpp
5,cpp,6,10,10000,10,10,100000,100000,0.481976469359999,0.5259578847999999,0.3703126565000002,0,48197.6469359999,100.0,cpp
5,cpp,6,20,1,20,20,20,20,1.0715183,2.399339,0.277723,0,21.430366,100.0,cpp
5,cpp,6,20,10,20,20,200,200,1.13264005,2.0128192999999994,0.3516675,0,226.52801000000002,100.0,cpp
5,cpp,6,20,100,20,20,2000,2000,0.7175322234999999,0.8239465100000003,0.4959011400000001,0,1435.0644469999997,100.0,cpp
5,cpp,6,20,500,20,20,10000,10000,0.7475928380999999,0.8583041420000006,0.40485016599999973,0,7475.928381,100.0,cpp
5,cpp,6,20,1000,20,20,20000,20000,0.7816041116999999,0.9126406049999998,0.5202262310000003,0,15632.082233999998,100.0,cpp
5,cpp,6,20,10000,20,20,200000,200000,0.8965955106499994,1.002232946700004,0.42685028719999807,0,179319.10212999987,100.0,cpp
5,cpp,6,30,1,30,30,30,30,1.0110835666666667,2.17938,0.2023,0,30.332507,100.0,cpp
5,cpp,6,30,10,30,30,300,300,0.9558295666666667,2.3109661000000004,0.22581669999999998,0,286.74887,100.0,cpp
5,cpp,6,30,100,30,30,3000,3000,1.137422342,1.4914288499999995,0.44800173000000015,0,3412.267026,100.0,cpp
5,cpp,6,30,500,30,30,15000,15000,1.1676507076,1.2963267839999983,0.8834603480000002,0,17514.760614,100.0,cpp
5,cpp,6,30,1000,30,30,30000,30000,1.2378673744666664,1.3988504469999994,0.8481185500000002,0,37136.02123399999,100.0,cpp
5,cpp,6,30,10000,30,30,300000,300000,1.2394617074533327,1.401273317300004,0.6801825403999994,0,371838.5122359998,100.0,cpp
5,cpp,6,40,1,40,40,40,40,0.962953125,2.466062,0.19762,0,38.518125,100.0,cpp
5,cpp,6,40,10,40,40,400,400,1.0196314425000002,1.9121206000000002,0.23819060000000003,0,407.852577,100.0,cpp
5,cpp,6,40,100,40,40,4000,4000,1.2313058987499998,1.5812936899999985,0.7682118900000002,0,4925.2235949999995,100.0,cpp
5,cpp,6,40,500,40,40,20000,20000,1.59581034945,1.8142673639999998,1.053121472,0,31916.206989,100.0,cpp
5,cpp,6,40,1000,40,40,40000,40000,1.49114266345,1.7080937689999984,0.9779615890000025,0,59645.706538,100.0,cpp
5,cpp,6,40,10000,40,40,400000,400000,1.512943701092499,1.6437437804999955,0.870641221599999,0,605177.4804369997,100.0,cpp
5,cpp,6,50,1,50,50,50,50,1.00506216,4.037713,0.133954,0,50.253108,100.0,cpp
5,cpp,6,50,10,50,50,500,500,1.065912934,2.5188544999999998,0.3998012000000001,0,532.956467,100.0,cpp
5,cpp,6,50,100,50,50,5000,5000,1.7134770073999996,2.1554510999999987,0.94807458,0,8567.385036999998,100.0,cpp
5,cpp,6,50,500,50,50,25000,25000,2.07971907656,2.300141807999999,1.5554425780000012,0,51992.976914,100.0,cpp
5,cpp,6,50,1000,50,50,50000,50000,1.8194545760600003,2.017580676999998,1.3763655140000013,0,90972.728803,100.0,cpp
5,cpp,6,50,10000,50,50,500000,500000,1.8139985060100006,1.8789351664000031,1.7363180560000038,0,906999.2530050003,100.0,cpp
5,cpp,6,60,1,60,60,60,60,1.18359395,3.314185,0.228362,0,71.015637,100.0,cpp
5,cpp,6,60,10,60,60,600,600,1.1787414333333333,2.4168898,0.42768490000000003,0,707.24486,100.0,cpp
5,cpp,6,60,100,60,60,6000,6000,1.6929434106666668,2.1190590400000002,1.0120209499999995,0,10157.660464,100.0,cpp
5,cpp,6,60,500,60,60,30000,30000,2.2756348622,2.555683008000001,1.8094561680000003,0,68269.045866,100.0,cpp
5,cpp,6,60,1000,60,60,60000,60000,2.276973104733334,2.5176622270000006,1.972050522000001,0,136618.38628400004,100.0,cpp
5,cpp,6,60,10000,60,60,600000,600000,2.1877807757466665,2.3030596746000036,1.9450159909999984,0,1312668.4654479998,100.0,cpp
5,cpp,6,70,1,70,70,70,70,1.2223817857142858,4.423155,0.198462,0,85.566725,100.0,cpp
5,cpp,6,70,10,70,70,700,700,1.360483087142857,3.5446508000000003,0.278611,0,952.338161,100.0,cpp
5,cpp,6,70,100,70,70,7000,7000,1.8609508032857143,2.2730053399999997,1.23662404,0,13026.655623,100.0,cpp
5,cpp,6,70,500,70,70,35000,35000,2.296954063171429,2.6340704919999993,1.5337572099999994,0,80393.392211,100.0,cpp
5,cpp,6,70,1000,70,70,70000,70000,2.027456129871428,2.317621414999999,1.5961992869999995,0,141921.929091,100.0,cpp
5,cpp,6,70,10000,70,70,700000,700000,2.1365413137642855,2.2980223380999965,1.4689011330999955,0,1495578.9196350002,100.0,cpp
5,cpp,6,80,1,80,80,80,80,1.6958074374999998,10.294029,0.215886,0,135.664595,100.0,cpp
5,cpp,6,80,10,80,80,800,800,2.1333539887499997,4.644744899999999,0.48971290000000006,0,1706.683191,100.0,cpp
5,cpp,6,80,100,80,80,8000,8000,2.336056796125,2.98217576,1.06512819,0,18688.454369,100.0,cpp
5,cpp,6,80,500,80,80,40000,40000,3.025643774225,3.382278963999995,2.049163306,0,121025.750969,100.0,cpp
5,cpp,6,80,1000,80,80,80000,80000,2.4767768036500004,2.6428552270000014,1.7769062030000013,0,198142.14429200004,100.0,cpp
5,cpp,6,80,10000,80,80,800000,800000,2.2128056393974993,2.3749898404000147,2.0069588150999915,0,1770244.5115179995,100.0,cpp
5,cpp,6,90,1,90,90,90,90,1.7368357666666665,7.054157,0.249383,0,156.31521899999998,100.0,cpp
5,cpp,6,90,10,90,90,900,900,1.922486801111111,4.420640000000001,0.2948343,0,1730.238121,100.0,cpp
5,cpp,6,90,100,90,90,9000,9000,2.430651898111111,3.000664969999999,1.6322800899999996,0,21875.867082999997,100.0,cpp
5,cpp,6,90,500,90,90,45000,45000,2.5778976092444448,2.9671608880000027,1.3550868179999997,0,116005.392416,100.0,cpp
5,cpp,6,90,1000,90,90,90000,90000,2.721249702911111,3.040418478999998,2.1288226390000022,0,244912.47326199998,100.0,cpp
5,cpp,6,90,10000,90,90,900000,900000,2.4220924689122216,2.6271494727,1.993646537200002,0,2179883.2220209995,100.0,cpp
5,cpp,6,100,1,100,100,100,100,1.83036016,9.739283,0.16446,0,183.036016,100.0,cpp
5,cpp,6,100,10,100,100,1000,1000,2.5212530269999998,5.011501900000001,0.5435184000000001,0,2521.253027,100.0,cpp
5,cpp,6,100,100,100,100,10000,10000,2.6228335159,3.3935623299999986,1.6672791800000002,0,26228.335159,100.0,cpp
5,cpp,6,100,500,100,100,50000,50000,3.4378784958399997,3.7453381000000006,2.0552954319999985,0,171893.92479199998,100.0,cpp
5,cpp,6,100,1000,100,100,100000,100000,2.80423969747,3.1735598020000024,1.921466794,0,280423.969747,100.0,cpp
5,cpp,6,100,10000,100,100,1000000,1000000,2.779517065780001,2.9740864826000006,2.4269625356999995,0,2779517.0657800008,100.0,cpp
5,cpp,8,10,1,10,10,10,10,0.5754640999999999,1.027693,0.203259,0,5.7546409999999995,100.0,cpp
5,cpp,8,10,10,10,10,100,100,0.46247285,0.6301084,0.2504916,0,46.247285,100.0,cpp
5,cpp,8,10,100,10,10,1000,1000,0.4201282780000001,0.45489421000000013,0.26799523000000003,0,420.128278,100.0,cpp
5,cpp,8,10,500,10,10,5000,5000,0.3945793128,0.4543494260000002,0.29909887800000035,0,1972.8965640000001,100.0,cpp
5,cpp,8,10,1000,10,10,10000,10000,0.41067409469999994,0.4490991820000001,0.26965922500000006,0,4106.740946999999,100.0,cpp
5,cpp,8,10,10000,10,10,100000,100000,0.4311005991399998,0.47980682229999955,0.3562856514000021,0,43110.05991399998,100.0,cpp
5,cpp,8,20,1,20,20,20,20,0.8256650000000001,1.998488,0.154887,0,16.5133,100.0,cpp
5,cpp,8,20,10,20,20,200,200,0.640300745,0.8542574999999999,0.294933,0,128.060149,100.0,cpp
5,cpp,8,20,100,20,20,2000,2000,0.6536867575,0.8150015300000001,0.2482853399999999,0,1307.373515,100.0,cpp
5,cpp,8,20,500,20,20,10000,10000,0.6179564652999999,0.7472311679999988,0.28218296800000015,0,6179.564652999999,100.0,cpp
5,cpp,8,20,1000,20,20,20000,20000,0.7356961501499999,0.8668855339999999,0.46807734100000026,0,14713.923002999998,100.0,cpp
5,cpp,8,20,10000,20,20,200000,200000,0.81064163173,0.9301024413000037,0.4237796238999993,0,162128.32634600002,100.0,cpp
5,cpp,8,30,1,30,30,30,30,0.9300446333333333,2.450458,0.158356,0,27.901339,100.0,cpp
5,cpp,8,30,10,30,30,300,300,0.72923963,1.2865133,0.22944390000000006,0,218.771889,100.0,cpp
5,cpp,8,30,100,30,30,3000,3000,0.9820030630000001,1.2479032099999996,0.6397836299999998,0,2946.009189,100.0,cpp
5,cpp,8,30,500,30,30,15000,15000,1.069101745266667,1.2182654100000017,0.758813328,0,16036.526179000002,100.0,cpp
5,cpp,8,30,1000,30,30,30000,30000,1.1039406927666668,1.3214812830000013,0.5040485959999996,0,33118.220783000004,100.0,cpp
5,cpp,8,30,10000,30,30,300000,300000,1.26605077212,1.4144858799000026,0.4977392514,0,379815.231636,100.0,cpp
5,cpp,8,40,1,40,40,40,40,1.03351215,2.974086,0.156588,0,41.340486,100.0,cpp
5,cpp,8,40,10,40,40,400,400,1.025908765,2.0033358,0.24839760000000002,0,410.363506,100.0,cpp
5,cpp,8,40,100,40,40,4000,4000,1.34151790725,1.6538667400000002,0.8456391399999995,0,5366.071629,100.0,cpp
5,cpp,8,40,500,40,40,20000,20000,1.3242250734,1.5939202680000013,0.784002428,0,26484.501468000002,100.0,cpp
5,cpp,8,40,1000,40,40,40000,40000,1.629229431525,1.796663701000001,1.043395988999998,0,65169.17726100001,100.0,cpp
5,cpp,8,40,10000,40,40,400000,400000,1.7028521748675,1.8511056390000045,1.277778397200004,0,681140.869947,100.0,cpp
5,cpp,8,50,1,50,50,50,50,1.0934604,4.453876,0.145438,0,54.67302,100.0,cpp
5,cpp,8,50,10,50,50,500,500,1.3117818120000002,2.8736325999999996,0.36392680000000005,0,655.890906,100.0,cpp
5,cpp,8,50,100,50,50,5000,5000,1.4172480896,1.9144386700000013,0.7233307999999997,0,7086.240448,100.0,cpp
5,cpp,8,50,500,50,50,25000,25000,1.9166245967200002,2.1714966120000017,0.9358499119999991,0,47915.614918,100.0,cpp
5,cpp,8,50,1000,50,50,50000,50000,2.0499878365,2.3310844329999965,1.1608569089999998,0,102499.391825,100.0,cpp
5,cpp,8,50,10000,50,50,500000,500000,2.09032949206,2.2309353342999847,1.578841668000001,0,1045164.74603,100.0,cpp
5,cpp,8,60,1,60,60,60,60,1.53426935,8.318732,0.211501,0,92.056161,100.0,cpp
5,cpp,8,60,10,60,60,600,600,1.7359712633333333,3.5207878999999997,0.32230590000000003,0,1041.582758,100.0,cpp
5,cpp,8,60,100,60,60,6000,6000,1.738673202,2.18780063,1.1368882900000004,0,10432.039212,100.0,cpp
5,cpp,8,60,500,60,60,30000,30000,2.244560730666666,2.530699553999998,1.187366558,0,67336.82192,100.0,cpp
5,cpp,8,60,1000,60,60,60000,60000,2.553772396716666,2.8731868580000013,1.4951848450000018,0,153226.34380299997,100.0,cpp
5,cpp,8,60,10000,60,60,600000,600000,2.7434677571216635,2.885623601100004,2.4713129842000017,0,1646080.654272998,100.0,cpp
5,cpp,8,70,1,70,70,70,70,1.432824957142857,5.334451,0.191873,0,100.297747,100.0,cpp
5,cpp,8,70,10,70,70,700,700,1.86660898,3.5380480999999997,0.4438123,0,1306.626286,100.0,cpp
5,cpp,8,70,100,70,70,7000,7000,2.268708097142857,2.8443060999999994,1.31625263,0,15880.95668,100.0,cpp
5,cpp,8,70,500,70,70,35000,35000,2.993567619742857,3.5404180119999986,1.2419452160000006,0,104774.866691,100.0,cpp
5,cpp,8,70,1000,70,70,70000,70000,2.8089196255571434,3.092479778000005,1.791084273999999,0,196624.37378900003,100.0,cpp
5,cpp,8,70,10000,70,70,700000,700000,2.68251336959857,2.987809378500016,2.2616652961000057,0,1877759.3587189992,100.0,cpp
5,cpp,8,80,1,80,80,80,80,1.9338325749999998,8.443844,0.141535,0,154.706606,100.0,cpp
5,cpp,8,80,10,80,80,800,800,1.57736972875,3.2596922999999998,0.1732881,0,1261.895783,100.0,cpp
5,cpp,8,80,100,80,80,8000,8000,2.8406968628750002,3.5431916299999995,1.4295019799999995,0,22725.574903,100.0,cpp
5,cpp,8,80,500,80,80,40000,40000,3.11045550025,3.5164433379999998,1.6182595740000005,0,124418.22001,100.0,cpp
5,cpp,8,80,1000,80,80,80000,80000,3.2815699219624994,3.6705862540000016,2.6449071679999983,0,262525.593757,100.0,cpp
5,cpp,8,80,10000,80,80,800000,800000,2.9514350724462495,3.214565393700003,2.4373321548999916,0,2361148.0579569996,100.0,cpp
5,cpp,8,90,1,90,90,90,90,1.7657990222222222,12.818903,0.170045,0,158.921912,100.0,cpp
5,cpp,8,90,10,90,90,900,900,1.7926946811111113,4.1199482000000005,0.1941808,0,1613.425213,100.0,cpp
5,cpp,8,90,100,90,90,9000,9000,2.372618020888889,3.223960759999999,0.9062658499999998,0,21353.562188,100.0,cpp
5,cpp,8,90,500,90,90,45000,45000,3.065225603377778,3.50373194,2.079280687999999,0,137935.152152,100.0,cpp
5,cpp,8,90,1000,90,90,90000,90000,3.1320536747999994,3.4665129999999977,2.4144824469999966,0,281884.83073199994,100.0,cpp
5,cpp,8,90,10000,90,90,900000,900000,2.8620919819477755,3.014807505999986,2.424523915899983,0,2575882.7837529983,100.0,cpp
5,cpp,8,100,1,100,100,100,100,1.77405258,6.971138,0.192015,0,177.405258,100.0,cpp
5,cpp,8,100,10,100,100,1000,1000,1.9677662319999998,4.195841799999999,0.18095920000000001,0,1967.766232,100.0,cpp
5,cpp,8,100,100,100,100,10000,10000,3.1545976788,4.0558952999999995,1.2638825699999998,0,31545.976788,100.0,cpp
5,cpp,8,100,500,100,100,50000,50000,3.80719722214,4.465887795999997,2.2905940960000017,0,190359.861107,100.0,cpp
5,cpp,8,100,1000,100,100,100000,100000,3.49935923255,3.9049915900000025,2.4489067969999985,0,349935.92325500003,100.0,cpp
5,cpp,8,100,10000,100,100,1000000,1000000,2.921392236998,3.2601222455000145,2.5465770838999915,0,2921392.2369979997,100.0,cpp
5,cpp,10,10,1,10,10,10,10,0.5356552,0.880191,0.219278,0,5.356552,100.0,cpp
5,cpp,10,10,10,10,10,100,100,0.48932333000000006,0.5949878,0.37273480000000003,0,48.932333,100.0,cpp
5,cpp,10,10,100,10,10,1000,1000,0.35871015300000003,0.41512454000000004,0.28126644,0,358.71015300000005,100.0,cpp
5,cpp,10,10,500,10,10,5000,5000,0.37320164339999995,0.4408954839999998,0.290463786,0,1866.0082169999996,100.0,cpp
5,cpp,10,10,1000,10,10,10000,10000,0.4440765743,0.5132016490000008,0.3473878969999996,0,4440.765743,100.0,cpp
5,cpp,10,10,10000,10,10,100000,100000,0.41434710394999935,0.47556248979999854,0.3140567123000003,0,41434.71039499994,100.0,cpp
5,cpp,10,20,1,20,20,20,20,1.4189550499999999,3.473236,0.294327,0,28.379101,100.0,cpp
5,cpp,10,20,10,20,20,200,200,0.5821283349999999,0.9678624000000001,0.2514455,0,116.425667,100.0,cpp
5,cpp,10,20,100,20,20,2000,2000,0.744786012,0.8783194300000001,0.2932238500000002,0,1489.572024,100.0,cpp
5,cpp,10,20,500,20,20,10000,10000,0.6784554646000002,0.7789093799999998,0.2762711779999996,0,6784.554646000001,100.0,cpp
5,cpp,10,20,1000,20,20,20000,20000,0.7983819961,0.8687480309999998,0.5648606639999993,0,15967.639922,100.0,cpp
5,cpp,10,20,10000,20,20,200000,200000,0.8489338177050005,0.949241902700002,0.5572586060000012,0,169786.7635410001,100.0,cpp
5,cpp,10,30,1,30,30,30,30,1.2597935666666666,5.283805,0.209658,0,37.793807,100.0,cpp
5,cpp,10,30,10,30,30,300,300,0.8322045033333333,1.5609785999999999,0.36686009999999997,0,249.661351,100.0,cpp
5,cpp,10,30,100,30,30,3000,3000,0.8415158763333334,1.11385303,0.5185327299999999,0,2524.547629,100.0,cpp
5,cpp,10,30,500,30,30,15000,15000,0.9283101912666666,1.063321206,0.5051734640000001,0,13924.652868999998,100.0,cpp
5,cpp,10,30,1000,30,30,30000,30000,1.2155443354333328,1.511486382999999,0.4077143869999997,0,36466.33006299999,100.0,cpp
5,cpp,10,30,10000,30,30,300000,300000,1.337186579156667,1.4714664621000024,1.0585716564999976,0,401155.9737470001,100.0,cpp
5,cpp,10,40,1,40,40,40,40,1.302392775,5.772265,0.206957,0,52.095711,100.0,cpp
5,cpp,10,40,10,40,40,400,400,1.1501549175,1.8030921,0.3931633,0,460.06196700000004,100.0,cpp
5,cpp,10,40,100,40,40,4000,4000,1.1130204782499997,1.4957772100000009,0.37299132999999995,0,4452.081913,100.0,cpp
5,cpp,10,40,500,40,40,20000,20000,1.5804725559,1.848292564000001,0.6571496139999996,0,31609.451118,100.0,cpp
5,cpp,10,40,1000,40,40,40000,40000,1.5837099780749995,1.820482637000001,0.5427881569999996,0,63348.39912299998,100.0,cpp
5,cpp,10,40,10000,40,40,400000,400000,1.7255204493050003,1.907129933399998,0.903130860000003,0,690208.1797220001,100.0,cpp
5,cpp,10,50,1,50,50,50,50,1.43078334,6.397128,0.179908,0,71.539167,100.0,cpp
5,cpp,10,50,10,50,50,500,500,1.0556730779999999,2.0108881,0.35981500000000005,0,527.836539,100.0,cpp
5,cpp,10,50,100,50,50,5000,5000,1.4991285192000001,2.0523790500000003,0.7122101399999997,0,7495.642596,100.0,cpp
5,cpp,10,50,500,50,50,25000,25000,1.81713049552,2.1816763619999984,1.1582790900000002,0,45428.262388,100.0,cpp
5,cpp,10,50,1000,50,50,50000,50000,1.8719257925,2.224820925999996,0.6657036970000006,0,93596.28962499999,100.0,cpp
5,cpp,10,50,10000,50,50,500000,500000,2.237425629436,2.416946422499995,0.9907861127,0,1118712.8147180001,100.0,cpp
5,cpp,10,60,1,60,60,60,60,0.91096985,4.567543,0.208162,0,54.658190999999995,100.0,cpp
5,cpp,10,60,10,60,60,600,600,1.1431304100000002,2.4225714,0.23853049999999998,0,685.878246,100.0,cpp
5,cpp,10,60,100,60,60,6000,6000,1.5923219861666666,2.16938467,1.0368242399999994,0,9553.931917,100.0,cpp
5,cpp,10,60,500,60,60,30000,30000,2.4437525426,2.711668601999999,1.7245738299999989,0,73312.57627800001,100.0,cpp
5,cpp,10,60,1000,60,60,60000,60000,2.8023337628666667,2.999999076999998,2.0514047609999984,0,168140.02577200002,100.0,cpp
5,cpp,10,60,10000,60,60,600000,600000,2.68654915179,2.9298961982000074,1.4887730223000004,0,1611929.4910740003,100.0,cpp
5,cpp,10,70,1,70,70,70,70,0.9121708142857142,2.9659,0.173889,0,63.851957,100.0,cpp
5,cpp,10,70,10,70,70,700,700,1.1248465057142858,2.4699312,0.2158995,0,787.392554,100.0,cpp
5,cpp,10,70,100,70,70,7000,7000,2.0254627732857142,2.588443300000001,1.2966165399999994,0,14178.239413000001,100.0,cpp
5,cpp,10,70,500,70,70,35000,35000,2.3316526678857143,2.872650616,1.2315728800000012,0,81607.843376,100.0,cpp
5,cpp,10,70,1000,70,70,70000,70000,2.920452218528572,3.3010440049999983,1.7132806550000015,0,204431.65529700005,100.0,cpp
5,cpp,10,70,10000,70,70,700000,700000,3.3019083064542865,3.479152448799982,2.454649453699989,0,2311335.8145180005,100.0,cpp
5,cpp,10,80,1,80,80,80,80,1.0715893250000001,5.32614,0.185895,0,85.727146,100.0,cpp
5,cpp,10,80,10,80,80,800,800,2.1298850725,4.6718912,0.2970891,0,1703.908058,100.0,cpp
5,cpp,10,80,100,80,80,8000,8000,2.230909386,2.76315251,1.37721882,0,17847.275088,100.0,cpp
5,cpp,10,80,500,80,80,40000,40000,2.9873832344,3.477821952000001,2.2212883840000024,0,119495.32937600001,100.0,cpp
5,cpp,10,80,1000,80,80,80000,80000,3.3166984004124997,3.7307669480000065,2.431810408000003,0,265335.872033,100.0,cpp
5,cpp,10,80,10000,80,80,800000,800000,3.0583784046712497,3.4424366766000167,2.2315343503999987,0,2446702.723737,100.0,cpp
5,cpp,10,90,1,90,90,90,90,1.1509520777777777,3.717197,0.196641,0,103.58568700000001,100.0,cpp
5,cpp,10,90,10,90,90,900,900,1.48262283,3.2529375000000003,0.2907336,0,1334.360547,100.0,cpp
5,cpp,10,90,100,90,90,9000,9000,2.5003594041111112,3.3778006100000018,1.2559977100000004,0,22503.234637,100.0,cpp
5,cpp,10,90,500,90,90,45000,45000,3.2585902952444448,3.799260084000002,2.1745689500000007,0,146636.56328600002,100.0,cpp
5,cpp,10,90,1000,90,90,90000,90000,3.4112919374555557,3.729833190000001,1.660562952,0,307016.274371,100.0,cpp
5,cpp,10,90,10000,90,90,900000,900000,3.357957759543333,3.8582493307999917,2.644077498300007,0,3022161.9835889996,100.0,cpp
5,cpp,10,100,1,100,100,100,100,1.60636774,7.667127,0.145698,0,160.636774,100.0,cpp
5,cpp,10,100,10,100,100,1000,1000,1.8974832419999998,4.1615664,0.33817590000000003,0,1897.483242,100.0,cpp
5,cpp,10,100,100,100,100,10000,10000,2.9670066169,3.9218149199999974,1.7370724200000007,0,29670.066168999998,100.0,cpp
5,cpp,10,100,500,100,100,50000,50000,4.5001238717800005,4.913145577999998,2.997476008,0,225006.19358900003,100.0,cpp
5,cpp,10,100,1000,100,100,100000,100000,3.5931764080799997,4.0793401509999985,2.6952119529999994,0,359317.640808,100.0,cpp
5,cpp,10,100,10000,100,100,1000000,1000000,3.4548281476950007,3.8461193905999993,2.9712714053999845,0,3454828.1476950007,100.0,cpp
